>>python clusters.py
4458.44107539
3323.11314096
3259.95785865
3223.49978857
3198.08100676
3178.9750869
3163.77127742
3150.83476703
3138.63442612
3128.53620571
3120.4109262
3113.79211364
3108.06697776
3103.07120841
3099.13209648
3095.53883264
3092.4941916
3089.42004108
3086.22607623
3083.52180125
3081.4514371
3079.54733424
3077.69152577
3075.71586
3073.74226829
3071.54586466
3069.51452987
3067.58519322
3065.84577444
3064.0159998
3062.20244372
3060.23704853
3058.30115641
3056.57271804
3055.00078408
3053.45666177
3051.94593223
3050.4831827
3049.1494014
3047.77585153
3046.18172823
3044.51175765
3042.63248328
3040.83245905
3039.25054942
3037.66587942
3036.03424429
3034.65329341
3033.23458683
3031.70229368
3030.19392184
3028.84224226
3027.53776594
3026.40241337
3025.46425023
3024.61320713
3023.91198106
3023.40575393
3022.84840549
3022.13353315
3021.3954183
3020.56148496
3019.8007274
3018.96338322
3017.9145706
3016.75498029
3015.62814575
3014.58242342
3013.6113918
3012.82772907
3012.07420708
3011.25994945
3010.49604035
3009.77610284
3009.14232579
3008.64618728
3008.2700116
3008.04623765
3007.78821033
3007.72077284
3007.65449238
3007.51017439
3007.32593633
3007.17781118
3007.05903203
3006.89336606
3006.71987469
3006.50751845
3006.27744034
3006.05233859
3005.83966866
3005.61893018
3005.3613564
3005.07543175
3004.76332863
3004.44367547
3004.12051369
3003.80159212
3003.48869768
3003.19745331
3002.90731932
3002.62293674
3002.3501431
3002.10840728
3001.82904447
3001.47926052
3001.0807223
3000.64837791
3000.16475989
2999.68081569
2999.23113666
2998.74298788
2998.28285223
2997.86069475
2997.4494615
2996.98252589
2996.49665117
2996.00827292
2995.52776956
2995.05424566
2994.5257329
2994.02501406
2993.54454428
2993.11097166
2992.67568518
2992.23337044
2991.73270383
2991.19243632
2990.64239205
2990.05257363
2989.43128138
2988.80906312
2988.14579171
2987.49887203
2986.8223153
2986.15254917
2985.42407215
2984.64874272
2983.85957448
2983.15320533
2982.49697005
2981.90625622
2981.32705622
2980.79895237
2980.21193737
2979.62010351
2979.05237533
2978.42599698
2977.76351873
2977.09235055
2976.37651196
2975.63337286
2974.94312535
2974.34941412
2973.77926669
2973.18544555
2972.55671011
2971.79414764
2971.00325239
2970.15920532
2969.22831285
2968.32283926
2967.33032537
2966.26775097
2965.15392522
2964.06320226
2963.04692572
2961.99848001
2960.99025459
2959.99631992
2958.99740845
2958.09933012
2957.26690736
2956.42774459
2955.5942289
2954.73334773
2953.83481506
2952.96047692
2952.02245068
2951.12911475
2950.17552752
2949.31939225
2948.5324505
2947.7155229
2946.93197387
2946.21947652
2945.44700007
2944.7240254
2943.92520354
2943.25067391
2942.54570978
2941.85617402
2941.13981827
2940.40114557
2939.59652019
2938.79164091
2937.96904353
2937.23555814
2936.45674622
2935.61888245
2934.68146762
2933.58375061
2932.30783478
2931.3203553
2930.37678431
2929.58004805
2928.8336804
2928.09306973
2927.26842638
2926.39262537
2925.51652702
2924.70273239
2923.94254303
2923.2293821
2922.57764352
2922.0118477
2921.54455445
2921.07320119
2920.69326195
2920.39567378
2919.97176643
2919.57938106
2919.04501499
2918.41150983
2917.83142224
2917.36818222
2916.98049681
2916.59304628
2916.2001704
2915.85036712
2915.52394023
2915.209249
2914.92986395
2914.66626135
2914.38149108
2914.08328061
2913.76058778
2913.52612106
2913.34131574
2913.19962811
2913.06892754
2912.96394001
2912.83296649
2912.69035338
2912.56976261
2912.43672832
2912.29956577
2912.19734658
2912.08387222
2911.94930548
2911.78616735
2911.57840443
2911.31342538
2910.99833701
2910.71953972
2910.46702186
2910.25258482
2910.08052433
2909.94171649
2909.79346028
2909.61690155
2909.42855205
2909.26361889
2909.10950029
2908.94109383
2908.74652512
2908.54441847
2908.33578696
2908.14443818
2907.97026369
2907.77015923
2907.63231075
2907.44740033
2907.22599968
2907.04664549
2906.83490038
2906.59592571
2906.32866808
2906.05020177
2905.76487781
2905.40898285
2905.0655659
2904.69078372
2904.30517041
2903.86261689
2903.41393343
2902.9481906
2902.52256067
2902.10716112
2901.70608924
2901.32881787
2900.98037489
2900.62547211
2900.27155494
2899.94723326
2899.60846919
2899.28054373
2898.97454064
2898.62890835
2898.26251389
2897.8673363
2897.49370658
2897.0976009
2896.72292146
2896.3959933
2896.09718099
2895.80003623
2895.51654698
2895.23279005
2894.96162252
2894.69961476
2894.44262564
2894.21205626
2893.9646893
2893.74561827
2893.50602426
2893.28601345
2893.07194087
2892.85648438
2892.62991562
2892.39474956
2892.16181482
2891.92283696
2891.66430989
2891.46403439
2891.28392741
2891.0963603
2890.88439523
2890.64717527
2890.38982604
2890.12249534
2889.85762937
2889.59755984
2889.33433746
2889.05468995
2888.78818788
2888.50133688
2888.20575772
2887.88917171
2887.58806036
2887.3020859
2887.0013416
2886.71047087
2886.45145251
2886.17367267
2885.89796644
2885.61457413
2885.33592435
2885.06303217
2884.82506519
2884.62340838
2884.41219719
2884.1950052
2883.9958956
2883.85662747
2883.71436571
2883.53978824
2883.33311964
2883.10564414
2882.90167707
2882.72663426
2882.56677397
2882.41187042
2882.26629482
2882.13155679
2882.01450353
2881.90535746
2881.8019894
2881.69670209
2881.6077814
2881.53999025
2881.45646324
2881.38011165
2881.30829374
2881.26197316
2881.22977518
2881.19564279
2881.15580929
2881.11006733
2881.04423358
2880.97655512
2880.93340676
2880.89292339
2880.8417338
2880.77676972
2880.69901062
2880.59883171
2880.5392606
2880.50039885
2880.44769981
2880.37673302
2880.29073067
2880.23942066
2880.20830855
2880.15977207
2880.11269238
2880.05027267
2879.98222082
2879.89916277
2879.84006457
2879.76003682
2879.65185529
2879.52725808
2879.40638763
2879.29288145
2879.19146127
2879.08438341
2878.99798939
2878.91359251
2878.82324425
2878.74396582
2878.67488996
2878.61580507
2878.5546553
2878.48870432
2878.45277248
2878.4136941
2878.4005984
2878.41777048